32
  1  0  0  0  1  0  0  0  1    0.000000    0.000000    0.000000    1.000000    0.000000    0.000000    0.000000    0.000000    0.000000    1.000000    0.000000  1
  1  0  0  0 -1  0  0  0 -1    0.000000    0.000000    0.000000    0.000000    0.000000    0.000000   -1.000000    0.000000   -1.000000    0.000000    0.000000  1
 -1  0  0  0  1  0  0  0 -1    0.000000    0.000000    0.000000    0.000000    0.000000   -1.000000    0.000000    1.000000    0.000000    0.000000    0.000000  1
 -1  0  0  0 -1  0  0  0  1    0.000000    0.000000    0.000000    0.000000   -1.000000    0.000000    0.000000    0.000000    0.000000    0.000000    1.000000  1
  0 -1  0  1  0  0  0  0  1    0.500000    0.500000    0.500000    0.707107    0.707107    0.000000    0.000000    0.000000    0.000000    0.707107   -0.707107  1
  0  1  0 -1  0  0  0  0  1    0.500000    0.500000    0.500000    0.707107   -0.707107    0.000000    0.000000    0.000000    0.000000    0.707107    0.707107  1
  0  1  0  1  0  0  0  0 -1    0.500000    0.500000    0.500000    0.000000    0.000000   -0.707107    0.707107    0.707107    0.707107    0.000000    0.000000  1
  0 -1  0 -1  0  0  0  0 -1    0.500000    0.500000    0.500000    0.000000    0.000000   -0.707107   -0.707107    0.707107   -0.707107    0.000000    0.000000  1
 -1  0  0  0 -1  0  0  0 -1    0.500000    0.500000    0.500000    1.000000    0.000000    0.000000    0.000000    0.000000    0.000000    1.000000    0.000000  1
 -1  0  0  0  1  0  0  0  1    0.500000    0.500000    0.500000    0.000000    0.000000    0.000000   -1.000000    0.000000   -1.000000    0.000000    0.000000  1
  1  0  0  0 -1  0  0  0  1    0.500000    0.500000    0.500000    0.000000    0.000000   -1.000000    0.000000    1.000000    0.000000    0.000000    0.000000  1
  1  0  0  0  1  0  0  0 -1    0.500000    0.500000    0.500000    0.000000   -1.000000    0.000000    0.000000    0.000000    0.000000    0.000000    1.000000  1
  0  1  0 -1  0  0  0  0 -1    0.000000    0.000000    0.000000    0.707107    0.707107    0.000000    0.000000    0.000000    0.000000    0.707107   -0.707107  1
  0 -1  0  1  0  0  0  0 -1    0.000000    0.000000    0.000000    0.707107   -0.707107    0.000000    0.000000    0.000000    0.000000    0.707107    0.707107  1
  0 -1  0 -1  0  0  0  0  1    0.000000    0.000000    0.000000    0.000000    0.000000   -0.707107    0.707107    0.707107    0.707107    0.000000    0.000000  1
  0  1  0  1  0  0  0  0  1    0.000000    0.000000    0.000000    0.000000    0.000000   -0.707107   -0.707107    0.707107   -0.707107    0.000000    0.000000  1
  1  0  0  0  1  0  0  0  1    0.000000    0.000000    0.500000    1.000000    0.000000    0.000000    0.000000    0.000000    0.000000    1.000000    0.000000 -1
  1  0  0  0 -1  0  0  0 -1    0.000000    0.000000    0.500000    0.000000    0.000000    0.000000   -1.000000    0.000000   -1.000000    0.000000    0.000000 -1
 -1  0  0  0  1  0  0  0 -1    0.000000    0.000000    0.500000    0.000000    0.000000   -1.000000    0.000000    1.000000    0.000000    0.000000    0.000000 -1
 -1  0  0  0 -1  0  0  0  1    0.000000    0.000000    0.500000    0.000000   -1.000000    0.000000    0.000000    0.000000    0.000000    0.000000    1.000000 -1
  0 -1  0  1  0  0  0  0  1    0.500000    0.500000    0.000000    0.707107    0.707107    0.000000    0.000000    0.000000    0.000000    0.707107   -0.707107 -1
  0  1  0 -1  0  0  0  0  1    0.500000    0.500000    0.000000    0.707107   -0.707107    0.000000    0.000000    0.000000    0.000000    0.707107    0.707107 -1
  0  1  0  1  0  0  0  0 -1    0.500000    0.500000    0.000000    0.000000    0.000000   -0.707107    0.707107    0.707107    0.707107    0.000000    0.000000 -1
  0 -1  0 -1  0  0  0  0 -1    0.500000    0.500000    0.000000    0.000000    0.000000   -0.707107   -0.707107    0.707107   -0.707107    0.000000    0.000000 -1
 -1  0  0  0 -1  0  0  0 -1    0.500000    0.500000    0.000000    1.000000    0.000000    0.000000    0.000000    0.000000    0.000000    1.000000    0.000000 -1
 -1  0  0  0  1  0  0  0  1    0.500000    0.500000    0.000000    0.000000    0.000000    0.000000   -1.000000    0.000000   -1.000000    0.000000    0.000000 -1
  1  0  0  0 -1  0  0  0  1    0.500000    0.500000    0.000000    0.000000    0.000000   -1.000000    0.000000    1.000000    0.000000    0.000000    0.000000 -1
  1  0  0  0  1  0  0  0 -1    0.500000    0.500000    0.000000    0.000000   -1.000000    0.000000    0.000000    0.000000    0.000000    0.000000    1.000000 -1
  0  1  0 -1  0  0  0  0 -1    0.000000    0.000000    0.500000    0.707107    0.707107    0.000000    0.000000    0.000000    0.000000    0.707107   -0.707107 -1
  0 -1  0  1  0  0  0  0 -1    0.000000    0.000000    0.500000    0.707107   -0.707107    0.000000    0.000000    0.000000    0.000000    0.707107    0.707107 -1
  0 -1  0 -1  0  0  0  0  1    0.000000    0.000000    0.500000    0.000000    0.000000   -0.707107    0.707107    0.707107    0.707107    0.000000    0.000000 -1
  0  1  0  1  0  0  0  0  1    0.000000    0.000000    0.500000    0.000000    0.000000   -0.707107   -0.707107    0.707107   -0.707107    0.000000    0.000000 -1