12
  1  0  0  0  1  0  0  0  1    0.000000    0.000000    0.000000    1.000000    0.000000    0.000000    0.000000    0.000000    0.000000    1.000000    0.000000  1
  0 -1  0  1 -1  0  0  0  1    0.000000    0.000000    0.333333    0.500000    0.866025    0.000000    0.000000    0.000000    0.000000    0.500000   -0.866025  1
 -1  1  0 -1  0  0  0  0  1    0.000000    0.000000    0.666667    0.500000   -0.866025    0.000000    0.000000    0.000000    0.000000    0.500000    0.866025  1
 -1  1  0  0  1  0  0  0 -1    0.000000    0.000000    0.666667    0.000000    0.000000    0.000000   -1.000000    0.000000   -1.000000    0.000000    0.000000  1
  1  0  0  1 -1  0  0  0 -1    0.000000    0.000000    0.333333    0.000000    0.000000    0.866025    0.500000   -0.866025    0.500000    0.000000    0.000000  1
  0 -1  0 -1  0  0  0  0 -1    0.000000    0.000000    0.000000    0.000000    0.000000   -0.866025    0.500000    0.866025    0.500000    0.000000    0.000000  1
  1  0  0  0  1  0  0  0  1    0.000000    0.000000    0.500000    1.000000    0.000000    0.000000    0.000000    0.000000    0.000000    1.000000    0.000000 -1
  0 -1  0  1 -1  0  0  0  1    0.000000    0.000000    0.833333    0.500000    0.866025    0.000000    0.000000    0.000000    0.000000    0.500000   -0.866025 -1
 -1  1  0 -1  0  0  0  0  1    0.000000    0.000000    0.166667    0.500000   -0.866025    0.000000    0.000000    0.000000    0.000000    0.500000    0.866025 -1
 -1  1  0  0  1  0  0  0 -1    0.000000    0.000000    0.166667    0.000000    0.000000    0.000000   -1.000000    0.000000   -1.000000    0.000000    0.000000 -1
  1  0  0  1 -1  0  0  0 -1    0.000000    0.000000    0.833333    0.000000    0.000000    0.866025    0.500000   -0.866025    0.500000    0.000000    0.000000 -1
  0 -1  0 -1  0  0  0  0 -1    0.000000    0.000000    0.500000    0.000000    0.000000   -0.866025    0.500000    0.866025    0.500000    0.000000    0.000000 -1